1234
2345
3456
4567
5678
6789
1111
0000
2007
2006
1992
1991
1990
1989
1993
1994
1987
9999
2008
5555
7777
1988
4321
2005
1212
1995
5432
1986
8888
1985
6666
6543
1219
1019
2222
1010
1984
0919
1996
1231
2004
2000
1122
1119
2198
1983
0123
0101
2121
1982
2199
2003
2312
1020
1199
8765
1198
0819
9876
2002
1980
7654
1981
0119
2001
0319
0219
0519
2009
3123
0419
0619
0719
1223
1997
2525
2010
0198
3333
0102
1011
1012
0199
1979
9198
4444
1200
3199
3198
4199
1112
5198
5199
4198
1025
6969
8198
7198
1121
6198
8199
1978
1101
1225
7199
1313
7890
2233
0203
6199
1120
1123
1236
2020
1210
9199
1230
0920
1125
1977
0202
0909
1001
8945
7894
1220
1213
1998
0910
1221
9456
1102
1314
1211
0200
2323
0108
1021
0120
0921
0125
2468
2200
2112
1206
1108
1201
1976
1205
1002
1478
0505
1031
6123
0110
0103
1999
1103
0210
2011
1110
0808
1208
0105
2012
0100
1000
1030
0918
0303
1975
9900
0121
1202
1233
0112
0707
0109
1105
1222
1018
1005
1029
1128
1919
0106
1204
1109
0111
1203
5252
1106
1022
0810
1028
0104
1207
1004
4561
1100
1006
0107
0606
1214
2030
2101
1023
0801
0506
1104
0404
5612
1007
2526
1107
0802
0405
1218
0806
1003
1129
5200
2119
0987
0304
0825
0906
1209
0812
1974
1973
1228
1597
4200
2529
1014
2211
2519
3200
1015
2019
8200
1013
1088
1215
0122
0131
0928
0811
0925
0128
2530
1008
2528
1089
0201
0831
2332
0805
0212
1024
0325
2219
0205
0406
0891
9753
0525
0011
0890
0206
1091
2110
2102
0208
2108
7891
1090
1414
0425
1130
0807
2532
2123
0412
0305
2319
1224
0204
0010
0306
2111
1252
1319
3131
2531
1972
1253
1515
5975
4123
1819
1229
0220
2210
1235
0804
0207
0809
0225
0001
2109
1216
1419
2365
0625
1017
3321
9200
7200
3101
1289
2527
2122
0420
0310
0820
0607
1026
2424
1027
0800
2212
6200
1016
1118
0308
0211
0012
2369
0129
2533
2013
1217
1719
1288
2310
0407
8910
0905
1124
0892
2536
1127
1290
3232
1188
0708
0725
0907
1519
1227
0507
0301
3112
0307
0124
0912
1009
4789
1197
1969
2120
0894
2252
3030
2197
0311
1412
0512
0408
1357
3012
1226
0908
1970
1971
0803
0508
1619
2419
0814
0312
3654
3010
0510
0876
2100
0401
3110
2253
1191
1472
0503
0501
1312
2535
2512
0209
0520
0402
0410
1311
0118
0502
0320
9696
1126
0852
0841
0816
1189
2021
0612
0504
7258
0990
0911
1092
0608
1190
2311
0915
3210
2201
3011
0815
0850
0411
0309
2524
2103
1310
0302
3121
2104
2105
1402
0605
7896
0511
2534
0127
0705
0840
4725
0610
0019
0403
3019
0927
0197
0916
3108
0711
2510
0252
0611
0832
0601
2106
2819
1291
1113
1237
9101
2619
0817
0604
0720
0620
0609
7852
1081
0020
0929
0603
0214
5566
2511
1232
2301
1818
0875
0706
2128
1512
0509
3119
0126
0602
0858
1434
5201
0896
0922
0704
3579
1411
0813
8963
2107
1410
2410
0701
0712
0190
2131
2719
0895
0901
2208
0904
2202
4785
3000
1717
2412
1593
0866
0409
9123
0253
9632
1911
5050
0877
0859
1306
0903
0902
4253
0838
2523
1308
0710
1117
0818
1968
1080
0702
0926
8912
0879
1301
0851
0865
0857
0289
0856
2919
1040
9874
0703
2522
0871
1115
9090
2308
0290
0130
0868
1905
1309
1321
8101
0414
1305
2505
2205
0021
0878
0288
2305
2411
1114
1087
1405
2304
2306
1287
5121
1050
1510
9111
0897
0873
0837
1912
1505
1511
1051
2118
2206
3344
4121
2303
5101
0846
0869
1303
0070
0709
8080
2209
2520
5123
5253
4344
1616
9197
1245
4252
0191
2309
0789
1404
1302
1116
0833
2506
1078
0291
1711
1967
1098
2626
1712
2810
0221
1406
1812
0416
2583
4141
1907
0839
0874
2334
1292
0321
1192
0300
2207
1612
2307
3103
0861
0872
2812
2456
0917
2129
1187
1611
1307
1401
1082
1415
1032
3698
9001
9010
0923
2203
0821
9119
2612
1852
1501
2088
2204
1811
0189
2828
4455
0218
1502
2521
0424
1910
1304
0323
2302
4101
0836
1506
6321
0899
1407
1903
9121
0500
2610
5151
0853
4681
0188
9102
1258
3001
3197
1810
2911
9108
2611
4545
1058
3020
9110
2501
2091
2378
0292
9112
1041
1408
0690
2508
2406
1071
1606
1966
3003
2811
1403
0192
2503
0590
1710
1425
2504
1805
1605
2711
0830
0862
0400
1085
3252
1610
0113
2031
1251
0835
1965
1908
1705
1061
2606
9012
0228
0989
9011
1963
2040
3120
2288
0988
0848
1038
0849
2405
1503
2710
2404
0213
0031
0071
0050
8197
4242
1431
5254
0867
1808
1093
0824
0790
1504
3100
2712
0700
0030
2050
2089
1509
1906
0117
0822
0845
1286
0051
2028
0115
0114
3040
1920
0022
0854
1086
2910
1079
0898
2502
1701
1409
1508
1131
3105
9109
6987
0287
8121
2022
0788
0823
5197
3111
2912
0224
0018
0860
9000
8252
0589
0870
0215
2805
4197
4040
3006
1708
1420
9911
1909
0588
3107
1285
1706
1806
1060
6810
6197
0002
2425
1802
2090
1604
1707
1904
0041
3253
2081
3004
3005
1239
0258
0688
2727
0223
9252
5120
5935
2507
1602
0521
1300
2407
0991
2402
0293
2509
0318
1803
0889
6101
2300
0147
1964
2125
1507
1039
1804
0843
1293
2408
0490
1516
0689
0330
2808
2403
0390
2401
0847
1070
4185
1601
6252
6121
1902
0723
1520
0061
3122
0515
1281
5010
9021
8989
0324
2041
1186
7197
5000
2589
0834
1704
1181
0621
7101
3102
0844
9212
2080
6253
1250
0423
3128
3031
9357
0313
2029
0222
1068
1280
0216
2051
2605
1059
1603
2806
2801
3214
9852
7121
7418
2707
2603
0691
2604
5150
2018
0388
0422
0721
1432
0040
8111
0513
0828
4100
0322
0623
1099
1702
9891
2804
7070
0622
8010
1278
0522
8253
0326
2060
2069
5011
0415
2705
0421
1703
1193
2141
0060
5656
8520
0314
1048
8119
8369
1608
3007
0227
0389
5111
1901
0315
3118
0116
2078
2602
1801
4050
2906
2580
2223
2905
9901
2601
2140
2704
1238
3789
2061
0722
1607
0080
0514
8102
1320
1196
0217
9921
6060
4020
0187
9253
0692
3091
5100
1069
5112
1284
8100
9951
0888
2537
2321
5236
2802
1807
1961
0081
2098
0600
7412
8523
2042
0791
2807
0316
7252
4111
1809
1500
4102
3021
0913
0489
8181
2325
0714
2058
8011
0523
0286
2341
8112
4112
2703
0787
0007
0281
1185
0924
1150
2803
0591
4120
8524
1709
2607
0280
2132
0013
0717
0417
0426
0413
8118
2901
0088
2706
2701
1052
0914
9202
0630
1324
2324
2608
0624
0826
0428
0626
3211
3008
2244
9871
9191
0855
2190
1049
7111
2048
0614
5454
7253
2130
0488
1609
0387
0196
1180
0616
0099
2708
1094
2903
0587
2068
0618
5119
0687
0032
8108
4108
2904
1820
0391
5836
2409
0727
2702
3141
0317
8529
0418
2909
1960
2929
1962
0628
9120
0393
8110
5021
0613
1591
5102
5110
4110
2809
0530
0226
1525
2071
8000
0592
4128
0986
2188
8012
1084
0491
7878
5051
0724
0427
0518
0430
2099
1456
0615
4021
1248
0528
4010
2230
1294
5128
2189
0140
0078
1133
1298
1195
8899
1282
9898
5118
0524
7112
0193
2907
0531
0516
8120
5122
2038
2255
0526
0014
6111
1279
0331
2220
2538
0930
0586
1254
2289
0629
5020
0992
6010
8123
9002
3081
1888
3088
3090
1325
4119
0180
9103
2092
1182
3009
0168
0090
4512
1184
0091
0327
0786
5012
0529
0827
9100
0792
4122
4118
9931
0715
5245
1240
5060
3050
3041
2908
9910
8128
0517
2709
1299
0713
9118
2191
1042
1194
2251
2113
1083
6120
7171
3113
0492
0718
0728
0328
0069
1346
0048
2059
2486
0003
3051
0729
0098
1241
7118
2609
2356
4041
0726
8911
7788
0329
1283
8021
9091
2070
0072
3852
8745
0052
1620
8109
2218
9098
2052
1718
9122
1435
0251
1178
4568
2587
2145
0392
3089
2231
2079
0429
0527
1421
9219
0900
0028
5108
2032
0181
0042
2224
0058
0887
3109
9128
0195
0785
0025
2049
1295
0686
6161
2320
0617
0038
1256
6119
4000
2124
7123
8741
2025
7119
1141
2358
9210
6118
0693
3061
9196
0487
1095
3143
2180
3098
1720
1033
1072
1179
0627
2196
0185
2518
1900
0985
4011
6112
6262
5031
2039
1821
2147
1269
0386
6110
1062
0068
5296
1331
0230
3445
6102
2221
8901
0593
2333
9881
9512
1151
2151
2250
0585
3412
0194
2082
0182
7110
2290
6100
2514
1323
0886
0993
8081
0829
3216
2963
2500
3080
4129
1959
8787
9192
0893
0294
0150
5030
0186
6061
1452
0716
2584
0730
1598
3129
9208
8712
5412
0039
7100
1268
5040
4051
3071
9941
1177
0082
1925
0029
8020
8088
1400
9920
3221
0731
6128
0015
9890
8122
7120
1596
2148
0005
0062
4109
5478
4563
2588
5210
9800
2258
1270
4012
5632
2513
1416
7102
1800
1132
8282
9003
5058
8811
1037
5001
0231
2228
0486
7010
2990
3060
0017
0006
1592
8129
2539
5129
2127
2181
1259
5109
8051
3212
0023
2457
9099
6021
0009
9870
0059
1753
0385
3125
1260
6020
2150
0160
9129
2142
0295
2515
4578
8019
6011
2420
7410
2023
4151
4031
9292
7000
8098
3213
1625
0049
1183
8521
2291
0685
9205
3099
2165
0089
9031
5061
4569
7272
6108
7128
5041
7108
3467
1690
1617
0250
3038
8030
3636
2278
3018
2225
8812
0298
2014
2517
1271
6122
2232
1521
2280
9019
9051
2178
0793
6565
1599
3092
0179
4125
4048
7011
7021
5251
1654
4061
7456
1249
3058
9081
2314
9211
7071
1958
5081
0008
5683
8210
1138
4030
4556
3525
1600
1789
0092
9880
3078
1261
2242
2126
4081
7080
6000
0842
0270
8091
1956
0178
0277
3322
9106
0229
6012
2516
9105
3258
5212
1077
3068
7122
5099
2062
4060
0148
7895
9203
9009
1140
2499
0299
1296
0169
8585
1825
9107
6699
0694
3951
3032
2229
1623
0485
0493
9071
9851
5091
1171
0885
9092
2160
0162
2389
8090
8919
0784
9912
4314
6031
1144
9841
9104
6030
0016
5321
0394
9861
0033
8041
3039
0171
1170
9020
0132
2541
2024
1488
0079
2158
0138
8512
7081
6041
2169
1928
1315
2168
0004
5395
0161
2318
9182
0795
4210
1160
5098
2281
9988
9201
9041
2299
0177
6129
8050
7539
2344
8031
2161
2248
0241
6109
8612
0284
0184
3028
5088
1590
0142
2213
0141
8099
9204
8061
6325
7020
6547
7012
0232
6068
4022
8028
2326
2159
1423
3022
0984
6051
2072
4679
4098
2315
1523
7031
2187
1318
9061
5175
3434
0594
0484
4091
6050
1169
3219
2117
7078
2182
0183
4080
9517
5032
1369
2552
8900
1921
1096
0494
0238
2240
8711
1155
0165
6081
5080
2241
0159
8810
9080
4058
2292
7129
5019
3069
3052
1159
0584
9206
4071
8092
8710
4068
5068
6070
2581
2192
0172
0794
2214
2346
4028
0024
7051
3048
7109
5963
2149
1422
2488
8018
2277
1957
5071
3029
0151
6040
1524
1424
1277
1489
3132
4201
8310
8412
0994
1242
3082
8611
2138
1721
1471
2287
0285
5059
5052
2087
2891
4520
1955
2015
3231
2426
6091
8719
2820
1161
9194
8311
5022
1891
9638
4099
0684
1725
8510
8022
2789
1430
0395
8071
6071
5312
1379
9922
4019
6385
2625
2388
8511
5069
7041
9207
4078
2391
1158
0980
0174
4566
3300
2400
1589
2152
2170
2134
1255
9159
2331
8001
5645
5522
5090
5300
5262
2313
9060
0384
0143
2179
9030
1618
2825
2342
8029
5078
3059
8060
0246
5556
0242
4088
1922
3311
3220
7091
5028
4070
7088
4221
0170
3190
2238
0145
9004
6098
0595
6069
2322
1526
3079
3251
1892
8686
9058
3070
4029
8040
1322
0995
6019
7098
1688
6456
3127
9195
5089
5858
1522
8527
2585
4352
3062
2421
9215
3366
1316
8619
4564
2171
1691
7030
8219
2114
4049
7531
3145
1097
3159
3049
1890
1689
8312
5018
4196
1053
8246
2139
9050
2890
2279
2489
0383
0296
6090
9214
8089
0880
3201
0297
7050
6078
8965
7040
9860
6080
1045
5211
1152
8070
0275
2268
2620
8701
8909
2688
2627
5250
6363
9089
2234
1518
8456
0884
0278
4251
1923
9930
6196
4089
5048
2260
6018
2582
0282
1168
8319
3117
0135
9258
2027
1475
0983
2684
1621
7530
8411
9068
1700
5220
4042
2195
8819
3025
8610
8519
3310
5029
2586
0695
9007
2269
1036
1035
0158
1390
6541
5038
1436
1491
2115
1391
6088
4018
3130
1490
0139
8808
2390
5309
5221
1822
9919
7061
1824
9005
2540
0982
4090
8410
2423
8058
9040
2017
1345
5070
9018
5315
1588
3230
1388
2991
2920
1297
9008
5161
7019
5789
2550
1330
8419
1514
9282
8048
0077
1142
9078
2282
8908
5241
9283
9193
4069
2591
2551
9220
0152
0382
9312
9088
1492
9789
3042
0863
0240
1823
0882
2143
1148
4211
8500
2270
0781
9216
5231
2085
0134
4204
9311
1953
6099
1417
5665
2888
5214
1881
8211
8132
0495
5232
4052
2691
0582
8212
7899
6058
6089
5039
5131
4059
2215
7089
0583
7007
3319
2261
3002
9850
6028
1389
0683
8068
4001
8907
8069
2889
0696
6677
2026
1418
5544
0163
1247
1149
4212
1793
0167
2490
2415
4039
8789
3250
1951
4152
2465
1272
2116
1622
0783
5062
3535
0166
0535
3151
1413
9069
2491
1057
2286
7210
3188
2249
8042
2720
9006
2689
5049
1134
8675
2239
0239
2298
8103
7028
8902
6210
2741
1326
0026
1034
7099
6048
5623
1530
4032
5042
4038
1929
5896
1047
6251
5225
9213
8082
3455
2392
2385
0175
0782
2590
2316
3215
5813
0027
1243
7058
2690
1055
0981
6062
4131
2487
1262
0682
1723
5353
7048
2725
3124
1954
9619
1828
8978
1246
5666
0777
2271
9052
1950
5987
1317
1517
2791
7018
4241
9038
2327
0164
2882
1791
3242
9062
8078
0268
8049
2989
3241
5301
5219
2343
0532
2427
2285
1453
0283
2600
3191
1428
8706
7897
6038
7060
4560
2259
1257
8705
1587
0176
0482
7090
2992
9902
8426
3133
2788
8484
1722
8503
2900
4219
3072
8002
2428
8038
5230
3196
9801
1788
1437
4747
9059
0480
8059
0580
8903
1889
2086
5242
1952
7079
5130
1790
1172
6022
3581
8251
8201
2387
2829
2728
2422
7889
4062
2492
7419
6049
3150
5698
0133
4220
2340
6032
2330
2083
9821
8501
1551
1513
4466
5141
5079
2185
0136
6059
2186
1139
9966
9032
3312
9048
0274
0260
3571
1594
1487
0780
5125
2925
1056
9940
9301
4079
0883
0261
2133
0999
9654
9209
8505
4312
3013
2317
3140
1827
0149
4300
8905
4521
4343
2481
1392
0581
5263
2393
0259
5002
3104
9070
2800
8032
5995
8998
4411
2988
1626
7038
1486
8601
4143
2700
7029
5202
2266
5152
1075
1531
9310
9811
2328
2482
0483
1066
1924
8052
2435
1276
9412
3142
8320
4711
4140
1914
1136
5082
9039
0279
9519
5310
2790
4142
9872
5140
1073
0248
1135
8951
8451
6042
2892
2217
2216
2016
1479
5092
8522
8220
8079
2546
2413
9022
2442
9810
8801
4082
1728
9319
0796
0153
4646
9820
1275
5689
8606
6029
2431
9251
9028
6039
1441
0269
6230
2414
1352
4565
7059
2162
4202
2262
0432
8400
4801
2485
1451
8999
5845
4231
1043
0055
5222
4613
0245
6001
2354
7072
5162
2398
1624
8196
3301
8039
5588
0481
7068
0233
9049
7219
2484
9082
7474
6669
2692
1387
9510
3218
5274
9511
6753
4554
0881
8404
6985
1426
4159
1067
0666
9185
0536
5685
5311
9419
8383
2787
2384
3189
2033
2902
8806
2446
0555
2386
0271
7319
3233
8904
6079
1692
3355
2093
1054
8300
2227
1046
8502
5319
1485
0155
6852
5519
9184
5115
3114
4092
7049
6052
2284
2254
2154
2592
2329
8605
3202
4103
2987
8906
8800
7022
3181
8258
5196
2362
4230
7898
3160
5132
9961
8707
0273
0066
3240
2293
4562
1681
1385
8062
5512
4072
9217
7069
1913
9072
4525
4161
2792
0533
9932
3451
1792
6300
0680
7039
6082
4268
3115
0173
3106
2177
4862
2146
1263
1771
8604
8401
3223
0456
2357
2236
9840
1267
8008
6248
8802
7032
6092
1787
1145
8708
3180
1727
8462
1579
1328
0538
8508
6619
1063
7211
2355
2077
0537
5240
1175
9029
8188
3152
1945
2776
4150
2235
2135
7719
2193
7532
9831
7113
4523
2545
3245
2136
1427
0681
8877
2416
2881
4848
0137
9183
8703
2451
8807
1687
1147
6220
4240
4114
4130
4113
2547
2272
4682
0552
0234
4500
0034
8809
1470
2930
1714
8402
1381
6219
3116
1166
1351
8321
1244
4206
2686
0237
0035
5213
1327
5072
2226
3161
1076
9892
5258
1386
9042
4422
8301
8805
7082
5525
2351
2352
9218
5500
3014
1715
5456
3225
2245
1433
8704
8151
1685
9130
0154
7911
0596
7042
2548
1686
1393
9131
8525
1176
5757
0496
0236
2172
8709
4412
1477
7062
7052
2628
2381
1595
5421
8956
5915
1887
9221
1265
4432
5511
2542
9079
8202
1585
1829
1074
1143
8072
6131
5302
0543
3234
9812
6654
5619
1162
7979
1693
1382
6655
0778
0235
1586
1542
3692
0045
9187
2887
1532
0254
5280
5113
5260
5282
0244
1341
1274
6688
1266
1137
0256
8702
0272
0144
8113
7575
8405
3261
9950
6633
2569
1581
3023
1529
6464
3126
1450
1329
9862
9287
8180
2295
0257
9942
9700
2184
7117
2418
2144
8600
8250
7181
0445
0262
5272
3425
6201
0678
5521
7092
5791
0247
3087
9300
2621
0156
9230
4311
1273
8504
5599
9308
2623
1724
2383
1332
8608
8218
1882
0044
4511
2685
2157
3248
2097
4811
0043
3148
2893
2687
1927
8624
7001
6231
9987
8025
1481
8753
5142
3222
3033
4987
1065
8159
8720
4250
2622
7913
6258
5261
3147
0996
0036
2283
8130
6171
1628
2662
9875
2380
8990
5181
0243
3170
8221
2417
1931
1786
8700
8228
5103
8509
6221
4124
2183
8620
5322
6925
3443
3313
9228
8803
8147
8107
4160
1044
8160
6996
9186
6999
2629
4612
4232
3262
1926
0249
7221
6549
2084
4456
2631
1484
3015
8602
5369
2822
1893
9410
8889
7251
0433
0255
0146
9888
8408
2256
5005
8013
6868
3578
9190
1480
4488
2593
2194
2821
2563
1930
1871
1469
9830
7220
6767
1826
5218
8095
8140
3260
1716
1527
8506
6212
2382
8603
2137
0546
2067
8208
5498
5190
1528
0157
2156
9302
5135
1156
8420
4510
2429
0333
9113
4301
3192
1684
0342
8141
4712
1916
0053
4519
0978
9141
2394
8125
7799
2430
8526
9411
2247
6600
7196
2785
1918
0037
9595
8318
5013
8003
6900
2361
2480
1631
0056
2493
1713
5292
8678
3162
1814
1333
7212
1682
0779
6130
4990
2721
9229
4911
6250
2813
2630
9899
3323
9882
8721
4261
2353
2246
4812
4171
2478
2055
5290
1167
1831
1361
8182
4680
3700
1613
2615
0775
8406
1582
5281
3238
0442
3691
1615
2693
0047
1384
0057
3444
3182
2558
1781
8171
5208
3171
2399
2294
1661
1482
4243
1614
1342
1154
3281
1785
0452
3519
1157
7676
2047
4127
0381
5990
0544
9303
4501
6211
2885
2243
8804
1741
4310
2379
7845
2057
5625
1830
4236
3158
1949
9990
5362
8004
6191
5246
5180
3228
0534
5342
2722
5117
1550
1153
9150
5171
2814
7711
4148
0380
2452
7300
9117
6072
1473
9887
8756
4262
3017
2624
2063
2045
1884
1782
1493
1350
4224
4162
1680
8131
5191
2377
1541
9802
8191
7201
3666
2432
1264
1174
4258
2155
1731
1630
9822
8822
3524
0599
6260
2883
2037
2350
0699
9162
8778
7919
5182
2461
8586
8105
0396
4714
2682
0979
5160
2986
2613
6288
9842
8722
1580
2396
0770
4190
3325
1429
4180
2483
9125
2495
0631
4325
6190
9222
3269
2880
4213
4132
9309
0998
9513
8168
2886
2469
1815
1458
5790
1885
5271
7147
2549
2395
8190
4280
2455
0772
7819
3290
5255
9952
5600
8607
4248
4107
0797
2784
2073
6140
1360
0554
9115
4117
3619
3235
2993
6312
1726
9401
2681
4269
1915
6151
2053
2578
3419
3254
2066
5400
3457
3168
2543
5654
0087
8161
7159
5533
8409
8209
4228
4214
6241
5124
5003
2985
1880
0073
7321
5299
4555
4002
2036
1784
0799
9420
9151
8915
8754
3625
2167
7519
5004
3178
2153
5107
1813
9250
9158
3345
9298
3280
2035
0545
8588
2257
8230
3500
0660
8302
4701
4611
4531
0542
7131
3239
2565
1937
9293
8507
4400
3246
2366
1941
1397
8718
6232
4168
9231
1948
1455
9223
8248
7170
5959
1678
1627
0431
9600
1886
9933
8322
5248
3268
7900
7141
9991
8403
5464
3179
2614
5667
8609
6280
5352
1946
1883
5577
5291
5155
3400
9832
9305
3432
1730
0550
2786
1495
6912
1394
0567
8625
4145
1584
0352
4433
1679
1632
3138
2454
4218
3195
2433
8170
5215
4901
2729
1561
1534
0679
8985
5800
9152
7536
2595
2336
4170
2448
2363
9161
4419
2237
1560
0370
0063
6103
2781
2349
4181
0744
8952
1440
4126
3693
8621
5159
2275
1371
8288
8106
1555
5515
3136
2555
2276
8127
7812
3208
9140
0083
9127
8192
2579
6661
4208
3512
1875
0067
5325
4610
4410
4265
1629
0752
8920
6919
5228
2846
5551
5192
5158
3187
1917
1578
0096
8115
1777
1583
1377
9791
9168
8788
7789
3399
2654
1380
0054
4477
6141
4215
2815
8421
5127
4260
2818
2166
1395
9278
8009
5270
4249
8158
6240
1942
5023
2632
9501
5170
4004
3334
9181
8126
8104
7230
5520
4810
2921
2594
0562
8798
5711
2830
5015
2782
1729
8231
6160
2347
8666
7190
7140
3083
8117
5332
5195
4322
4281
0677
5874
0369
6512
3016
1340
0753
0355
2477
9263
5229
2043
0345
4452
2494
9500
1355
0741
9960
9711
8914
5825
3217
2831
9321
8007
5885
8138
5445
2567
2434
1899
4421
2348
2056
8241
4013
3308
3270
0977
0065
9180
7150
9955
8005
3303
2793
1651
0332
8528
6234
3838
1499
5419
2034
1383
9299
8564
5414
5223
3521
1483
0267
9797
4821
8918
0097
2714
3318
5420
3256
0650
7172
6519
5345
1694
1559
2274
4815
9268
7310
5501
3600
3278
3172
2884
2436
8916
8124
5256
9160
8732
8415
2852
8388
4621
2879
2163
4324
3332
3093
1683
9225
7411
7231
5425
2441
3420
0046
6261
3990
2678
2296
8414
8303
2895
0556
2566
1173
9819
8777
4332
2479
8407
9612
9402
5452
5320
5205
9289
8855
3243
1571
1366
2562
0931
1816
2599
2297
1540
1494
2772
1064
9284
6786
5145
4158
1454
1354
0970
9393
8023
7151
6622
5510
9291
8654
8569
8148
2360
0774
4546
2471
3027
2445
0697
6263
2335
1894
3737
2894
0955
1552
6117
3669
8622
7700
5523
5259
2267
1895
1459
8323
2898
3209
2466
1356
7311
7250
5679
3288
6301
2065
5288
2730
7766
6319
5278
3624
3421
3271
3036
1438
5819
4115
0776
7990
2938
2577
2561
2046
1932
1460
1378
4522
5462
5431
4144
3331
0743
4514
7619
3568
2544
9262
4420
2878
2683
2075
9093
6159
4178
2731
1947
1940
9520
5324
3454
2694
2472
1335
0732
0363
2723
2571
2636
6936
4169
4149
1146
0478
4601
2618
0654
9169
8325
6150
4319
9306
8281
6500
4526
2931
0579
8308
6181
4105
3229
7373
3612
0651
9630
9232
3224
8991
5926
4222
3369
3302
0798
9461
1461
9400
8766
5426
2823
2364
1535
4445
1817
0661
4290
3719
9290
7280
7127
9701
8280
8240
2568
2265
0742
9963
1536
1442
9132
6182
5203
3153
0266
8178
6180
4245
3465
3177
2074
0450
8687
8541
6113
4910
3085
2982
2816
2463
0698
9909
8596
4800
1878
9611
5105
9170
6272
6268
6228
5148
3137
2556
0632
5410
3546
2359
4721
3699
2780
0479
5543
4600
3520
3053
9171
7130
2450
1363
8688
4104
4023
9178
5423
3203
9404
7946
6311
4288
5268
4271
1474
1358
8514
4589
1872
5055
4912
4401
6612
6002
4502
1669
9741
5642
3164
8116
6189
4710
5465
2370
0652
2462
1944
1399
9405
8595
5455
8016
2263
9013
5126
2871
2464
5919
2922
8150
4515
2474
0932
2645
0578
7202
6281
5289
5238
3026
1569
8913
3163
2617
1879
9304
2984
2564
1562
6218
5411
5363
3377
2596
6238
5366
8513
2371
2095
0655
9369
8488
8450
1794
8142
6202
1778
9610
9307
6138
5621
5209
4320
4209
3146
2096
1851
0498
8555
1164
9320
5234
5188
3423
1362
1165
8730
3135
7910
6242
5719
5139
2726
1666
9719
8921
3149
2783
2643
8203
4323
3336
0670
8767
5269
4229
4191
3134
6213
4543
3510
2899
1696
9238
9188
5017
1545
0378
0085
7180
5172
2460
7778
4719
1337
8587
5335
5007
5006
3411
2598
2467
9502
5545
3236
0665
4003
3266
2717
1695
9505
2635
2616
9179
0477
9631
6290
5513
4313
2696
1933
1772
0566
8413
4043
3536
3291
8988
7002
5025
3987
2374
0997
0379
6990
5239
3173
2980
1773
9889
4689
6611
3410
3314
9114
6269
5033
9138
1832
0975
8139
3169
4334
2981
1447
0667
8417
2175
8238
6911
3077
2695
1770
0360
9116
4238
4189
4182
3255
0951
8599
8314
5318
5233
3690
3259
2824
2699
7228
5138
2914
1699
9925
3567
9971
9913
8923
8820
8655
8232
5674
4532
0435
4256
4234
2375
7218
6521
3156
0093
5715
3086
2652
1671
0663
8922
4005
3326
8852
8418
7951
2837
1795
1533
8925
7867
6719
9731
8315
7312
6310
5565
9288
1359
9879
8515
1577
5116
4619
3154
1396
4551
4254
9124
7800
2713
8222
2817
2475
1445
0577
9239
8723
8551
7103
5611
3299
9281
7271
3452
5422
9015
8917
8546
2044
0334
8623
8135
1779
8485
3264
9998
8642
6132
6116
0264
8561
5622
4188
9781
9248
9240
8298
5652
5249
3919
1662
1163
4425
4116
3139
2994
2877
2826
9494
2795
2496
1650
1466
7465
3939
1798
9514
9269
8465
8114
4025
8006
8097
6278
6125
3289
1783
9142
8532
9403
7534
6523
2554
9962
9189
8791
8014
5143
3450
2633
2440
8652
8552
8332
8027
7182
3024
7132
5554
3388
7177
6162
3426
3167
9903
8149
6891
4270
1349
8542
2453
0864
0497
0076
5900
5891
8725
8440
6412
2443
1334
9249
8179
5114
3315
1457
9164
7755
7222
6170
4106
2444
1563
6545
5106
2680
8891
8731
8545
8374
7400
4302
1556
8618
7232
6222
4225
3309
3155
2273
0747
6942
5178
3298
0434
8309
5326
5189
9272
4195
2094
1936
1642
9771
7500
6419
2915
1548
6192
4007
3204
1543
9260
8761
7240
4033
1364
9246
8776
7722
7288
6188
5351
3320
2368
0676
8565
7107
5441
1554
0377
6226
4139
2742
9279
8475
8333
7188
6819
4289
2651
1841
9155
8799
8717
8169
7888
5424
5168
5149
0397
0075
9163
8172
3183
1634
0746
9790
6425
5505
2458
0563
7125
5532
4203
1873
1570
1546
0662
9877
8584
8189
5712
2983
1641
9261
6239
5217
2794
1775
0656
5323
0671
3633
0597
9873
8562
2076
1677
8331
8229
3185
1575
9097
7161
4900
2771
9270
7227
5620
5331
3330
2923
9601
7712
4949
0963
9977
7077
5802
5053
4625
0669
0351
0350
7811
5265
2724
1564
9165
9017
1567
6532
6229
0565
9286
9241
5355
1780
8651
8317
7191
5610
4414
4356
3637
3341
2498
8452
4819
3511
8589
2637
1640
7291
1896
8582
4259
0674
9666
8713
8299
7512
4223
0664
8399
8384
7142
6107
6013
5814
1659
9173
7160
6644
3186
1776
8774
5852
4192
3282
3193
3249
3157
2916
1874
0771
0547
9226
6270
5700
5601
5552
3166
2174
0460
9521
8987
3645
2872
0474
9406
0499
8995
2779
1898
9710
7241
4255
2597
8760
5298
4207
4172
3501
1498
1353
9126
7148
6800
4919
2669
8425
6006
5433
3265
1939
0950
9016
6126
4552
1496
7301
5153
4278
3414
1870
1799
1444
8316
7290
3226
8662
8290
8143
5224
7912
6127
5354
9878
9242
5341
4138
3424
8207
4156
2553
1698
0399
8530
4700
4014
2367
2064
8260
5614
8305
7278
6208
4244
1877
0635
9224
7600
4015
2641
1670
8955
5014
3227
2777
0933
8685
8157
6333
5104
2176
1566
9780
6525
8825
4205
1347
1344
8571
6542
5541
4513
2575
2054
8225
3513
3063
2164
1636
7985
6824
5169
4542
9148
4654
5631
5264
1462
0557
0353
4235
3610
3279
2770
2718
2648
9166
8481
8714
4424
0976
0675
9280
7178
5524
5314
5308
3263
2897
0598
9135
8313
8205
7281
4308
4077
2698
2679
6254
9981
6610
2995
1398
8696
6271
0971
0451
9503
7810
5792
5285
4216
3611
1372
0551
8324
5661
2861
8482
8249
6298
4354
3515
2497
1751
1463
8742
8691
8653
7223
4753
4402
3205
8613
6245
2896
0773
0633
7707
6291
8213
4331
3441
3084
2560
2470
9154
8015
5643
5279
3194
2870
1876
1850
1468
8550
8154
7013
3247
6299
4921
4423
4263
4147
2999
1861
9156
8581
8580
8261
6798
2373
2372
0972
0634
3045
3037
0745
0074
8715
8416
8195
4541
9803
6259
2671
6195
5243
3819
0095
8692
6400
6152
3663
2642
6546
5646
5333
1840
0672
9227
8239
4623
1643
1375
8270
4620
3545
0440
8242
6667
5912
5216
4774
2376
7260
1549
0064
9856
1565
0575
0356
5377
4163
2715
1544
0343
8531
8461
8351
6520
5147
1645
1365
9712
6556
6320
6223
3144
8326
6168
4685
4017
2476
8466
5542
5227
4299
3621
9147
4291
3900
1860
1633
8206
8026
6282
3165
2666
1465
6178
5624
5179
1574
5401
4363
1652
8145
8093
7115
5442
4315
2918
2653
0960
9145
7710
5812
4404
4282
3207
1439
9720
7238
6266
5651
5468
5235
8818
4524
4345
3206
2716
8665
8626
8306
5415
4136
2913
8307
5313
2874
0740
3800
1842
8926
8486
5662
2951
0564
3825
2928
2926
0086
9992
3272
3184
8162
5463
4622
4505
9914
9153
9023
8572
6842
4279
3601
3555
2875
2264
0366
7139
6812
6158
8377
4298
9259
8752
5879
4239
2827
2650
1539
0553
6554
5658
5535
5156
2677
1370
0263
8790
8262
6169
4227
6106
5567
4652
0448
8291
6289
6148
5671
4506
0733
9691
9313
8669
8668
7771
6625
5531
0956
8784
5043
0966
9633
8480
8224
5451
4179
0276
0265
8422
7270
5303
4454
0398
6279
2778
1343
9929
8795
8328
7414
6225
6003
5951
4047
4027
3175
2869
9905
9515
8516
6336
5361
4632
3553
8661
7213
5385
3422
2663
1797
0470
7426
7242
4233
3459
2848
0673
9915
8382
8024
1796
8693
7268
7248
6420
5641
3316
3244
7229
7192
9989
8378
2745
6778
5655
5365
4736
9669
7189
5330
5009
8684
6813
6115
1368
9924
8033
4413
3458
9167
8153
3324
7158
5514
4720
4326
8017
6352
4024
0336
8392
8268
7744
4053
6023
2661
9408
6945
5820
4822
4272
9506
8750
3631
0658
0335
8575
8330
4756
8563
7733
3551
3043
0969
9172
7152
6555
6172
4631
0560
6007
4006
0346
8289
7538
7282
5226
0952
8786
8448
7179
7116
6302
3741
0750
9970
9620
8517
8254
4431
3695
3317
2996
8794
8769
8667
4702
3343
1547
1336
0751
8460
4602
2634
1668
8518
7510
3055
1639
1537
5016
2747
9294
5550
3812
2570
1742
8975
2639
1935
1858
1568
9063
9025
8866
8433
7610
7138
5859
5664
5615
1676
0443
9916
4678
4585
3435
1553
0653
8304
7765
7208
5878
4146
8821
8689
7143
6235
5613
4820
4533
4154
2839
1655
8941
8271
6209
3237
7425
5057
2473
2447
0372
9923
8177
4247
4246
4045
3574
1339
0453
0446
8942
8152
7168
6888
2572
0636
0362
8540
6431
5266
0974
8770
7415
6978
9562
8695
8223
8216
5869
5305
0762
9865
8751
7741
1572
6214
4655
2851
1869
1672
0454
0354
7521
6566
6548
6411
1845
0659
9721
8615
8549
7423
4266
2646
9504
6624
3622
1834
1660
1376
5136
9699
9234
8758
8659
7187
6613
5413
4016
1761
9277
7214
5546
5204
4544
4351
1769
9033
8432
6237
5528
4333
3911
3652
9904
9177
7511
5526
5364
3541
9751
8682
8259
7318
5890
3811
2668
8946
8660
7262
6510
4303
4008
2799
2397
8785
6620
3791
3542
2574
8567
5502
3632
8574
6511
4651
2751
0344
6910
2557
1367
7901
5633
2173
1774
7931
5811
5458
1943
1745
0471
0340
9271
8354
6063
4504
1649
0973
0574
8964
8890
8681
6124
4503
4164
3056
2337
8980
8744
7217
3746
3442
2752
2644
9137
8966
8334
7017
3891
3413
3057
0357
9157
8924
8716
8167
6033
5696
9295
8533
8361
7369
5626
5133
2559
9761
8214
7261
5466
5027
3620
1497
0668
8133
7721
4588
4135
3257
2841
9174
1558
0539
0084
5154
9143
6544
6149
6066
5657
5375
2736
1897
8616
6249
3623
3035
2842
2655
8166
6233
5247
2656
1443
0961
0365
5037
5008
0475
9855
8971
8592
6308
2927
2697
1348
9518
8360
6264
5461
5443
5388
4342
4155
9087
6255
6004
5821
5267
9149
8283
7277
6712
5134
1675
0444
6142
5207
4341
2998
2664
2339
0570
0464
8155
7612
5795
2979
0441
8423
5350
4722
4353
1856
1476
0361
9407
8764
8474
8464
6104
4865
4226
4044
3572
3562
3342
0945
9782
8341
7417
4741
3888
3415
3277
2862
2756
1848
0461
0341
8459
4656
4355
1732
8656
8391
7225
6243
3305
2860
2832
1646
9525
8726
8724
7879
6665
6656
2952
9980
8386
7209
5673
5356
3552
3514
1854
0941
9095
7299
5346
4441
9663
9606
8096
6332
6179
5024
0540
7399
4852
9325
8617
5691
5677
5453
4133
3401
2459
1658
9944
9908
9635
9315
9094
8962
8940
4518
3174
2876
1866
1833
9996
9885
8970
8762
6114
5530
5444
5277
4713
4257
3630
8371
7779
7298
2917
6135
1656
8389
6777
6663
6017
5634
0959
8792
8381
7887
5856
4831
4167
3711
3613
3067
8255
6606
3097
2667
1853
8796
8499
3094
8590
8430
5244
5157
5026
0657
8650
8535
8278
7520
2864
2733
1934
0940
9555
6626
4587
2732
1665
0957
8994
8227
5428
1733
8431
8350
5402
5257
3991
3523
2850
0465
9854
9077
8699
6700
6247
8928
8780
8134
7999
5710
5382
4802
9139
8591
8293
7023
6143
4553
8782
8385
7114
2838
9266
6345
5569
5477
4365
9421
8614
8083
7801
5888
5357
3662
3416
1740
8424
7003
5469
5446
4550
4516
0756
7720
6660
4842
4825
4157
4153
1739
1557
8495
8067
7249
3363
3351
3304
8436
5854
1855
1673
8560
7533
5558
4267
1448
9314
7421
4327
4165
0472
9969
7987
7924
7892
7747
5801
5799
5067
4657
3522
8187
5991
5487
3963
2672
8156
6678
6616
6540
6224
0965
5775
5650
5430
4217
8441
6452
6421
5602
3292
9639
8740
7717
6453
5435
0466
6522
5056
2924
0476
0373
9603
6227
6145
5063
3721
2833
2797
1674
9233
8969
7701
6623
4434
1464
0640
8992
8960
8729
7856
7420
7105
6901
4286
4177
9906
6410
6166
5562
5516
5035
4305
4063
2840
7239
6977
6323
5087
3267
1750
8974
8573
7237
6309
5137
4517
2675
1836
1573
0457
8690
8136
6139
5436
4046
3626
1749
9602
9265
6256
4628
0364
0094
9792
9235
6246
6215
4891
4166
4056
3696
3339
0576
0462
9637
7124
5036
4626
4599
3047
9825
9702
8823
8594
6951
6236
6203
5635
5237
3712
7269
6632
6435
4309
3577
3556
3532
3335
3095
2753
9713
9409
9296
9067
9053
7195
6322
6314
6016
4715
3461
3034
1862
8929
8779
8593
8204
7501
5287
4530
2754
0375
0348
9945
9507
9422
8781
1648
8979
7263
4026
8757
8087
6825
5911
5559
5336
5144
4134
8664
8053
1664
1446
0942
8982
8943
7424
5527
3526
9413
8489
7008
9323
8543
6621
6206
3777
3462
2437
0571
4415
2773
7308
6423
4330
2573
0541
8972
8961
8954
5653
4826
2659
0374
8498
4403
4316
3433
6711
5901
5741
5687
1653
9014
8269
5985
4328
5467
1697
9621
8797
8396
4668
4666
3096
2873
0935
9604
9394
8477
6811
3306
1844
6931
6454
5529
5177
4451
9133
5669
2338
1374
9297
6324
6025
1667
3710
3073
2932
9508
9414
8144
7093
6105
1747
1576
1338
0569
9516
9027
5077
3505
2978
9982
8339
5846
5745
4624
4499
5758
6455
3912
2971
2939
7702
7666
7478
7273
4528
4009
3357
3307
1373
7452
7279
6067
4641
0572
0469
8544
7104
6552
5283
4536
3561
7525
5518
4920
4428
8771
8284
8063
3284
1644
9623
8468
8442
7854
7014
5589
2865
8483
8264
6791
5889
5044
9770
8698
7259
6932
5165
3350
6015
0561
7126
5630
3678
1752
0962
7135
7033
6331
2449
9523
9134
8338
7254
6869
5675
5636
5540
1755
1467
0755
8598
8336
7004
6920
5777
5316
4814
3614
0455
9808
9322
6979
5054
9264
8387
8237
8137
6369
5999
5045
4292
3354
2737
9524
8556
7596
6696
6513
6136
5304
4869
4650
4614
4174
8469
7289
6005
5648
5553
5517
5163
4087
3533
7432
7169
6963
5897
3569
2796
8927
8833
8813
8733
8497
6801
6362
6244
3440
0754
9703
8844
8763
7821
7787
6662
6432
6292
4645
4264
0944
9886
8215
5810
5676
9273
8327
7764
7522
6589
6465
5822
4067
9868
8487
8380
7302
7283
7005
6204
4658
3531
8783
8755
8577
8370
6890
6462
6366
5472
5284
9652
9425
7224
5824
4287
8747
8292
6642
6326
5185
4604
4426
3550
2972
9993
9858
8628
6514
5499
4285
9972
7303
6788
5692
4350
4057
3287
2977
9661
8828
7025
5910
5343
2856
0968
0949
8472
2746
8981
8183
7611
6330
6077
5378
5083
4931
3353
2761
8996
8566
8536
7825
6988
5275
4824
3430
0958
9939
5841
5360
4606
4406
2866
9681
9255
8226
8185
7997
6585
5561
2868
6274
5855
4318
8077
7317
6913
5367
3516
3431
1635
0953
6265
4922
4540
4450
3352
3340
2758
2676
1865
0473
7725
6424
5146
3677
8736
7422
7331
6451
9799
8950
5034
3920
2750
2674
1843
0641
9625
5881
5663
5206
5066
3650
9236
8728
8663
4731
3910
2969
1449
8583
2774
8375
6401
4615
0437
9451
6636
6354
6027
5503
4804
4575
3641
3453
8047
7247
7234
6630
5735
5563
5187
3661
3635
0371
8165
8055
4884
3642
8976
8727
7475
4582
4277
1938
8657
8534
7881
6970
6710
5842
9897
7822
7325
6313
5295
5184
0748
0568
6216
5457
4547
3773
2647
9285
9096
8578
8434
8390
7861
7542
7485
6561
6277
5485
5391
4083
3360
9798
9626
8977
8680
8272
8065
5448
4888
0347
8944
8570
5450
4237
3554
2858
1759
9866
9254
8217
8186
6014
3602
3361
2775
2759
1864
9823
9690
9267
8658
8194
6515
6482
6422
6043
2843
8457
7925
5628
4616
3701
3066
1760
9424
7441
4304
3603
8677
7877
6564
6267
6009
5670
2950
7149
7027
6599
5865
1748
7893
6601
6316
5193
3560
2665
1663
0468
9907
8356
6426
5416
5371
4861
3820
0367
9730
8815
8738
7207
6524
5682
4603
4405
3044
0735
9918
7714
5868
5688
5399
3557
2933
7333
6187
6137
5337
4586
2798
9522
9057
5798
7145
6691
6567
4055
3901
3428
2576
9926
8948
6505
4664
4462
4442
3921
3646
2854
1735
0934
8043
7235
4832
3824
8683
8174
8066
6921
6886
6414
5880
5785
5713
4991
4317
1847
9509
8494
6664
5166
4605
2640
8463
5536
2658
1744
0467
8491
8445
5486
4535
3337
1766
9136
8629
8329
7106
5317
4723
4073
3065
9605
8735
8597
6342
5344
5328
1754
8437
7708
5386
3570
9959
9636
8816
5690
5595
3534
1835
9066
8746
8671
8444
7155
6652
6531
6374
3660
2438
9641
7203
7053
7015
6563
6506
6502
9596
8397
6396
5384
4951
3999
3801
3478
2855
1538
9678
8793
8775
8737
8471
5672
5564
5447
4816
4813
2997
9818
9083
7704
7323
5892
4724
9917
9777
9772
9384
8881
7980
7880
6781
6526
6428
5504
3847
9928
7874
7292
5826
5751
3503
3075
1762
1637
8748
8163
7462
6053
4688
4335
3651
2740
1647
9895
8993
8898
6287
5851
4653
3404
2961
2755
2660
7043
5898
3543
7309
3471
3402
0376
9551
8973
8395
5404
5167
4823
3810
2673
2649
0637
8547
8479
8364
6501
6364
6133
5695
4642
4306
4035
3564
3499
2769
0936
9725
9671
9237
7820
6914
6533
5381
4037
0964
9698
9415
6946
6303
6194
5644
3328
0559
9275
6036
6026
5925
5575
3468
2766
9599
9176
8739
8057
6217
4066
9455
8743
7205
6645
5701
5047
4484
4036
3656
7137
6065
4742
1846
1839
9896
8958
8627
8279
7477
5417
5307
4571
4340
3530
7215
6944
5693
4992
3502
9893
8959
8467
8257
5948
5755
5699
5434
5065
9953
9426
8539
7537
4859
8932
5823
5578
4187
9330
9274
5489
8365
3725
3644
2845
0947
9787
8362
6562
6530
6163
5660
2935
9065
8814
8538
6463
5895
5571
4902
2941
0939
9809
8357
0436
9732
9333
8256
8176
7963
7734
7087
5616
5334
4194
6972
6560
5882
5372
3504
0573
6650
5815
5725
5534
4830
4558
4418
3176
2960
1838
9064
8342
7233
5293
4097
1638
0760
9760
8672
8455
6351
5585
5482
5403
5306
3606
8632
6974
5085
1765
0463
0438
9530
8957
7703
4890
4759
3658
1837
9824
8673
8287
7009
5557
5327
4591
4357
1859
1746
0449
8376
7808
7391
5506
4805
0749
9697
9531
6413
5992
5093
4745
3565
9805
9750
9331
8245
7226
6587
6156
4461
8986
8273
6365
6024
4481
4329
3283
2962
1868
8458
4430
3362
7458
6575
4435
2670
1757
1734
9559
8882
8824
7823
7555
6257
4840
3821
3356
1657
7585
4841
4307
0948
8435
7402
7315
6845
4662
4137
3446
2757
9845
5850
5603
4818
4687
4093
3822
9764
9722
7870
6922
6690
6516
6093
6008
4630
4534
1849
8363
6177
0943
7922
7909
6614
6553
5459
4361
3517
2638
8817
2975
1758
9786
7162
6441
6147
1756
9651
8359
8340
8263
8236
2748
9622
6598
5164
4590
3639
7872
6305
5721
3391
3054
9144
8694
8454
8394
8366
8335
7920
6923
6193
5847
5781
9624
9495
8885
8679
8674
8285
7320
5340
5339
5046
3881
9985
6551
3615
9995
9591
8085
7643
6627
5962
5887
4458
4175
9994
8997
7770
6503
6047
5427
4771
4647
2439
9804
8478
6991
9956
9864
4367
4362
4283
3742
3329
8175
7567
6153
3890
0954
9316
4817
4704
4416
2834
9452
7601
6881
6285
6097
6035
5647
3733
8352
7989
5978
5920
5862
5714
2970
8759
6821
6341
6083
6045
5582
2835
8892
6445
9965
9047
8492
8193
6924
4371
0558
0358
0338
9276
8554
7871
7545
4581
9561
7451
5618
5606
4740
3932
3393
1764
0645
9146
8164
8045
7006
5359
5273
4851
4640
4464
3365
9949
7742
6631
6315
5418
5380
3993
2744
9707
8372
8347
7775
7706
6373
6307
5640
3713
2867
8184
7982
7535
7401
6306
5548
4882
4443
3831
3566
7731
6889
5780
0967
7902
7715
6602
6167
4904
0447
8851
7047
6466
6357
5591
5368
5358
5286
4579
3665
3618
3447
9613
8490
7921
6792
5731
5097
4474
8353
7515
6569
5475
5474
5405
4576
3481
2974
1743
9423
8670
8576
7322
6966
5684
3285
9256
8631
6879
6841
6550
6055
5831
4850
3655
3436
8768
8476
6618
5921
5338
4336
3591
3448
3392
3327
6720
4777
0337
9863
9788
7413
6933
6902
6433
6360
5945
5778
5560
4950
4758
4548
9024
8449
8075
7073
4703
4584
3573
2743
8949
8234
6993
6134
4732
9828
8277
7772
7445
6820
9431
7455
7236
5471
4843
4184
3474
9645
7447
7255
6668
6442
5460
2959
1863
9653
7805
6635
5913
4636
9935
9616
8947
8749
7067
3795
3417
7586
7204
7133
6205
2976
4781
4086
3418
2760
9317
8878
8537
7782
7552
7471
7246
7134
6588
6165
3883
3405
9650
9614
8559
7484
7016
6284
6186
5075
4598
4478
1767
8630
8473
8247
7472
7206
5720
4284
3664
3540
3408
0757
8967
8880
8379
8044
7083
6207
5194
4858
2844
9073
7136
6698
6155
5840
5276
3484
2853
9532
8073
7502
6780
6689
5787
9943
9705
6037
4275
3889
3832
2863
2763
9608
9546
7882
7875
7757
5568
5491
4577
4507
2657
7285
6947
6361
5629
3076
9247
7780
1738
9692
8772
6559
5440
4173
3925
9934
9487
7577
6535
6087
5392
3506
2767
2735
9954
9752
6057
3544
2945
1867
9979
9936
8398
7753
5396
3276
3046
2942
9432
9257
9026
7216
2956
9848
5668
5659
5590
4803
4691
3833
1763
0549
9986
8831
7862
5592
5547
5495
4669
3575
3548
2955
9894
7523
5605
4661
4483
4369
4339
3647
3373
0638
9658
8429
7677
6981
6628
5981
5617
3689
9785
8579
7851
7804
7157
9883
8243
7802
7705
6948
6183
5931
5832
4845
3720
3074
3064
9694
8037
6461
4643
3547
0765
8633
7193
6785
6646
6355
5722
5173
4446
4176
4054
4034
2836
9607
7865
5875
5752
4999
4471
4465
3296
9055
5537
5508
5073
4663
4480
3861
3275
9779
8496
6686
5808
5539
5490
4717
3880
3653
0766
9679
6591
5848
3922
3528
3427
2966
9978
7313
6787
5697
5488
5348
1857
9695
7442
7266
7026
6605
4381
3604
3429
9814
7769
7307
6670
6641
6582
5607
4382
3383
9740
9723
8568
7621
7337
7274
7185
7146
6415
6275
5374
4716
4460
3390
9332
8697
8233
7904
7433
6581
6146
5587
4618
4580
4183
3406
0764
8830
8641
6185
5771
4366
0458
9806
8447
8286
8266
4475
3274
8344
8343
7667
7444
7174
4529
9642
8953
8869
7431
6989
4917
4699
3823
3616
9615
9318
5828
4796
4489
3286
2953
2765
2734
9665
7718
7620
6402
5960
5902
5389
4338
3640
3348
9735
9086
9085
8367
7578
6722
6458
5923
3714
3371
2749
7732
6651
4596
9884
9550
7541
6992
6604
6073
5406
5390
5383
3346
3293
7758
5871
5860
3590
2973
1737
9715
9634
7905
7565
6702
5297
5174
4788
4364
4065
3945
1736
9245
8887
4617
9450
9045
5484
4508
4485
4377
8850
8349
7513
7175
4881
4806
4273
2965
8826
7991
5982
5747
4527
4427
9815
9655
9441
5680
4748
3860
0761
9844
9043
8244
7855
5681
4549
3830
3751
3722
6676
6064
5784
5604
4490
4486
4346
2849
7063
6776
5969
5581
4856
4778
0946
9324
8984
7723
6701
6391
5986
5932
5373
3381
9685
9598
9345
9335
8558
7876
7194
6822
6692
5876
5786
4930
4633
4482
2940
8054
7481
7324
6579
5930
5429
4472
9867
9853
9688
7773
7709
7314
3638
3466
2738
0767
0339
8056
6766
4913
4772
4509
4448
4440
3915
3563
9363
7745
7564
7454
7256
7035
6536
6518
6504
5608
5370
4644
4417
3971
0359
7776
6816
6782
6044
5609
4665
8968
7785
7526
6680
5580
5538
5329
3558
3403
0639
5864
5732
4186
3933
3364
0734
9660
9567
9430
5899
2859
8235
7842
6802
5953
5877
4690
4470
3487
3386
2768
0642
9997
6603
5884
5829
5748
4085
1768
7774
7726
7476
5183
4064
2958
2762
0368
9704
9686
8346
6866
6617
5379
4407
3842
3589
3338
9339
8842
7809
7727
6878
6528
6293
5803
9656
9454
9326
7332
6608
2936
9833
9533
7606
7543
7166
6982
5586
5470
5086
4337
3851
7154
6054
5980
5872
5759
4193
9545
9054
6653
4751
4627
3882
3846
3537
3460
3409
3297
2944
9826
9755
9662
9609
8355
8146
6971
6558
5866
4463
3787
9416
7885
7553
7057
6939
6489
6154
5347
5186
4372
3745
3595
8773
7264
7037
6980
6658
6615
3828
9552
8858
8438
7406
5818
5570
4659
4276
4096
3723
0644
7803
6975
6157
5996
5950
5724
0769
7813
7781
6590
4896
4889
4808
3605
9714
9499
7830
6892
6485
6356
4844
3697
3463
2954
9465
8345
7784
5886
3380
9717
6915
6880
6416
5746
5637
5481
4905
3740
7763
7713
7505
7245
3931
3518
8676
7355
6672
6286
5853
4648
3879
3585
8428
7716
6835
5863
5598
5480
5408
4791
3587
3491
7625
7544
4959
4491
3580
3486
0548
8094
6930
6335
6328
6317
4436
9628
9542
8348
7824
7503
7450
7153
7036
5756
4487
3527
3489
9674
9428
8470
7886
7750
6693
4916
4559
4358
3382
2968
0439
8931
6353
4557
9496
7678
7464
6976
6643
5509
5438
4743
6799
5993
4750
4744
3559
3507
3477
2964
9526
7655
7374
5753
5627
5507
4297
3840
5064
3841
3482
0643
8493
8443
8046
7326
6175
5830
5702
3813
3657
3389
2847
9528
7624
7588
7576
7461
7045
6164
5572
3782
3694
2764
8036
7981
7950
7183
6732
6721
6572
4932
4925
4752
4570
2949
9745
7791
7656
7453
7173
6934
6568
5998
5966
5955
4940
4854
4730
4629
4360
3774
7806
7557
6851
6795
6430
6406
5492
4941
4649
4492
7482
6998
6508
5922
5717
5596
5579
9708
9693
7932
7405
7404
6897
6871
6534
6334
3770
3582
9395
7827
7164
5686
5176
4296
2934
9056
8086
7730
6831
6507
6283
5984
5972
5723
4635
4374
8439
7858
7815
7097
4860
4849
4828
7566
7514
7176
6517
6450
6144
5804
5393
4595
0646
9734
9670
9646
8265
7984
6578
5576
4914
3374
3372
9565
9527
9074
9037
7622
6488
5096
4726
3627
3549
2943
8930
7833
7632
7561
7351
7167
6955
4388
3295
2857
9733
9336
7562
7184
6404
6273
5394
4903
4293
3273
9490
9341
8886
7728
7641
7346
6574
6350
9329
9328
6850
6681
6586
6444
4870
9482
7737
6725
3508
6830
6405
5754
0937
8734
8064
7751
6968
9869
7903
6527
5965
4705
3980
3731
9838
7665
7403
7055
4899
3732
0459
9846
8296
6918
6184
5971
5914
5639
4453
4349
3628
3598
0737
9543
9075
6741
6443
5744
5494
4667
4295
3913
3790
3472
3464
3449
9640
9243
7156
6580
5961
5782
4592
3914
7832
7724
7304
6392
5788
5496
3950
3702
2946
9564
7841
7746
5861
4885
4084
3667
9541
8832
7828
7793
7595
7569
6882
6832
6745
5439
4780
3870
9757
8841
6884
6823
5750
3792
3634
3584
3498
3485
9718
9553
7831
6440
5844
3681
3437
9829
3596
2967
9706
9035
8358
7644
7602
7546
7383
6607
6592
6339
5707
5449
5095
4886
4787
4368
3730
7955
7850
7488
6584
6557
5983
9948
9427
8827
8640
7699
6714
6046
5584
4880
4846
3771
9778
8861
8854
7908
6713
6671
5833
5805
5476
9813
9399
8856
8297
6973
5894
5407
4718
4677
3923
3753
3609
8983
8829
8453
6995
6648
6640
4878
4408
3387
7499
7345
7024
6509
6418
6343
5936
5870
8848
8173
8074
7551
6815
6398
4782
4539
4274
3438
2957
9568
8076
7075
6938
6685
6318
5649
4757
4572
3659
3629
9566
7907
7818
7783
7574
6446
6176
5857
2739
7914
7587
6895
6861
5733
9724
9535
7489
7165
5294
4871
3940
3588
9592
9590
9429
9175
9084
8557
7524
7504
7430
6593
5970
4952
3759
3715
3494
0763
9445
8636
7978
7507
7287
5942
5574
4868
3592
3349
9766
8337
6904
6577
5867
4684
9585
9440
9433
9362
7846
4770
4583
4409
4391
9762
9434
7884
7866
7589
7056
6695
6304
3930
3855
7550
7470
6056
3407
0736
7556
6639
5349
3845
3668
3509
0349
9964
9036
8872
6872
6854
6818
3827
3576
9491
9464
6703
6481
4706
4429
4375
3671
3469
9554
9365
8635
7797
6858
6571
4915
3929
3839
7651
6399
5941
5816
5549
9529
5988
9391
7044
6899
4447
9575
4637
4574
4076
3992
3772
9728
9449
8548
7952
7817
7467
7382
6926
6903
6765
5387
3358
9835
9742
7848
7590
7517
6715
6609
4807
3648
3347
9946
9588
9486
5493
4872
3802
3488
3394
9859
9726
9484
7761
7443
7284
7257
6961
6718
6659
5779
4755
4686
9958
9807
8553
8446
7807
7661
7267
7243
6956
6478
5742
5740
4733
3850
3608
8895
6960
6952
6907
6629
5989
5924
4373
9796
7814
7580
6860
6174
4961
0938
9682
9488
9453
8868
7767
5933
4457
3368
3367
9843
9417
7435
7364
6297
4942
3717
8427
7926
7860
7591
7407
7265
6898
5705
4494
9927
9680
9584
7864
7756
7642
6434
4909
4847
4597
9817
9793
9716
9684
7792
6295
5893
4863
3854
9534
8845
8035
7988
7873
7603
7473
7377
6474
5883
5827
4790
3808
3385
0768
9983
7992
7752
7582
7328
7275
6984
6538
5726
4906
4728
9327
7584
7186
6775
6497
4761
3952
3844
3736
9355
7631
7506
7416
6471
6086
5873
5849
5768
4994
4866
4672
3918
3885
3780
9582
9046
8862
7446
7293
6403
6034
5973
5956
4892
4762
4386
9492
9396
6771
6595
6340
5793
5730
4383
3750
3675
3529
9560
9447
7786
6723
5437
4799
9727
9709
9481
7840
7790
7244
6941
6173
4469
3941
3396
8884
8084
6784
6537
5727
4786
3887
3384
9418
7335
7144
6916
6390
5940
5084
3617
9446
7869
7427
6937
6885
6790
6570
5593
4875
3680
3607
9366
8034
7076
6747
6743
6674
5952
5909
5573
5398
4675
4399
3954
9816
7798
7084
6986
6855
6096
5958
4638
3470
9765
6529
4960
4923
9677
9392
9351
7563
7361
7316
6909
6862
6679
6393
4989
4879
4829
4683
4347
9857
7548
7305
6634
3814
9947
9442
7986
7754
7626
6687
5954
3593
9627
9334
9244
7623
6905
6887
6673
5843
5765
4985
9984
9747
7915
6372
5806
5783
3816
3752
3398
8634
7448
6730
4359
3779
9618
9536
9471
9044
7662
7605
6378
6368
5905
5376
4833
3761
3359
9563
9556
7463
6682
6377
5638
5409
4855
4095
3826
9629
9460
7645
7327
6826
6294
9975
9847
9597
9586
9390
7930
7923
7906
7613
5743
3676
9664
7853
7664
7607
6794
6709
6705
4735
3886
3475
0739
8373
7365
6848
6371
4660
4380
3495
6814
6583
5761
3376
9644
7554
6768
5694
9729
9458
8933
7996
7428
6965
6917
6833
4754
4634
3865
3788
9342
7883
7518
6755
3899
7868
7748
5074
3490
9581
7653
7627
6596
5835
3539
9558
9388
6486
3926
3818
3473
7581
6893
6704
6381
3599
3370
9594
9489
6953
3829
6844
6276
4608
4390
9976
8267
7829
7330
4074
3924
3866
9763
9589
7468
7334
6958
5968
5946
5770
4639
3960
3862
9937
9382
7434
7357
6950
6906
6731
6329
3705
3684
2948
7941
6949
6637
3927
3868
9587
7740
7650
7085
6751
5903
4467
4389
3815
3724
3492
9648
6467
5928
5772
4897
3848
3798
3755
3538
7743
7572
6940
6657
6436
6327
3864
9773
8274
6744
6675
4769
3784
3718
7630
6427
5904
5838
4783
4670
3843
3778
3643
9736
9569
9540
9462
8871
7749
7297
7286
6962
6759
6742
6734
6694
4980
4955
4537
4370
6997
6864
6772
5483
4895
4707
3480
9617
9498
7352
7163
6750
6539
9746
9571
9448
7933
7760
6647
5479
4348
3395
9776
7604
7508
5397
4727
4671
4538
3884
3878
3687
3672
9444
9435
7943
7652
7066
6754
6748
6085
5716
4398
3988
3969
3892
3858
3747
9967
9827
9468
7571
7363
6770
6717
6707
6370
3674
9974
9340
7977
7762
6828
4695
4607
4594
3995
3871
7671
7540
7486
6367
5817
4696
9371
7487
7276
4784
4609
8840
7759
6733
5583
3902
3872
3869
3775
3738
3727
9457
7969
6470
6459
6348
3670
3583
0758
9544
7689
6484
4392
3942
3917
3905
3497
9938
7074
6480
6417
4898
3785
3688
9485
7065
6728
4943
4864
3682
9756
7928
6388
4933
4294
7998
6779
6477
6460
5776
3959
3597
8879
7498
7306
6683
6395
5764
4953
3909
3783
9466
5736
5594
4809
4378
3781
8645
8295
7633
7516
7436
6859
5929
4692
3649
9849
9774
7729
7408
6983
3837
9968
9497
8897
8368
7863
6875
6840
3835
3673
3378
3375
6943
6638
5797
4376
3956
3586
9775
9580
7935
6874
6684
6448
5709
3716
9593
6954
6929
5934
3944
3859
0648
7826
7479
6838
4954
4473
9687
9459
7669
7034
6896
6594
6492
8294
7490
7466
7440
6706
5762
2947
8648
7993
7736
7672
7354
6856
6716
6358
5908
9744
9689
7568
7046
4836
7960
7617
7579
7356
6797
6697
6346
5760
5473
4956
4708
4498
3776
3686
3397
9738
8838
7528
7362
7295
4969
4857
4468
9474
5728
4766
3936
3483
7859
7795
6894
6808
5094
4496
8896
7959
6994
6843
4887
3928
9346
7995
7673
7469
5964
4746
4593
3903
3726
8876
6729
3754
3728
7835
7735
4924
3863
9754
9360
9076
7491
6383
4853
3708
9758
9478
9344
6773
6740
4393
9361
8870
7614
7344
6857
6469
6359
5957
5834
5076
4698
0647
6472
5906
4729
4676
6829
6806
5774
4094
8936
8865
6774
6597
6491
4709
3739
3379
9784
6935
6883
4908
3981
3934
9443
7509
6382
6344
3496
7929
4883
3961
9475
8853
6908
6761
6756
6494
4693
9675
9548
9477
9436
9356
7970
7599
7598
6384
6337
5763
4775
7688
7460
6870
4387
3856
3836
7942
7816
6394
6075
5839
5704
3766
9338
7953
7857
7594
7593
6783
5597
4918
4760
3294
9795
9668
9647
9578
6487
5794
4737
3996
3895
9794
9572
8644
7958
7350
6839
5767
4988
3966
3916
3805
9783
7086
6475
4948
3762
6457
6408
5997
4929
4867
4495
4385
3703
9957
9767
9352
7294
6380
4838
4459
3439
5977
5809
5703
4779
3949
3898
7646
7608
7480
5773
4944
4694
4673
3975
3953
9676
9659
6757
6726
4963
3743
9538
9343
7696
7409
6827
6338
3679
7657
7592
6805
3893
3493
0649
7843
7560
7495
6927
4981
9657
6752
6387
4945
8883
7918
6928
7844
6468
5927
4978
4894
3968
3760
9375
6708
5796
3962
3476
9836
9739
9350
7529
6876
4970
3977
3799
7847
7384
7296
6407
6296
5937
3683
9672
9463
7971
7615
6964
6853
5807
4573
4493
3853
3904
3834
9472
8894
8864
7849
7492
7054
6769
6447
5949
4438
5979
5708
3729
9034
8393
7954
6877
6576
9476
8860
7738
7660
7640
7388
6967
6649
9748
9557
7768
7558
7547
5994
5916
5769
3994
3479
9539
9372
8637
7994
7956
7691
7459
7353
3867
3757
7371
6737
5837
4986
4792
3877
2937
7674
6760
6727
6479
3685
0738
6490
5917
5729
5718
3804
6084
4765
3794
9480
6804
6762
6438
3744
3707
9839
8875
7527
7341
5749
4795
9973
6735
6495
4449
9437
7679
7483
6836
4773
4734
3965
7573
6746
4395
9493
9438
8893
6809
5918
4984
4982
4975
4697
9834
4798
3986
3935
3906
9769
7663
7628
7618
4674
3985
7796
6959
6499
4479
6846
4439
3984
7658
7429
7378
6764
4793
9389
7836
6867
4907
4476
0759
9667
7358
6573
4767
3894
8276
6724
5766
5734
3989
3982
9473
7965
6476
6375
4966
8859
7916
7616
3764
9364
7570
7336
6957
5706
4384
9470
8638
4876
4874
4827
4749
3873
4928
4835
4437
9573
9570
9374
7449
7360
6865
4075
8846
7636
7096
3704
9743
9469
7457
7359
6409
7917
7370
6817
4834
7838
7437
7390
6076
5939
4837
3938
3803
9759
8646
7496
6074
4776
3594
3786
9673
8834
7690
7687
6803
6736
4926
3734
9547
7494
6347
4962
3875
8843
8639
7962
7095
6758
8275
7967
7927
4993
3735
9577
8836
7343
6095
9574
9549
7940
7837
6834
4971
3706
7794
7372
5944
5497
4379
3896
3765
3748
7685
7438
6429
4995
4927
7974
7381
7834
4998
4958
9467
7966
7549
4972
3849
9643
7670
7648
6863
6386
5976
5943
4497
3978
9537
9439
7583
7366
6807
3997
3876
3809
3793
7949
7609
7686
3946
9398
7559
6763
6483
3756
4877
8857
7342
6847
3806
8647
7340
7698
6493
5974
4394
3807
9353
7945
4977
3955
3907
3817
9354
3758
9683
5967
4996
8863
8847
6389
4946
9381
9378
7975
7675
6379
4396
9370
8935
9576
5739
8874
6873
4979
7692
7375
3908
9383
7695
3709
7983
7684
7659
4976
7392
5907
5738
3964
7367
9579
7339
3970
9737
9397
7961
7697
7393
3983
9337
7379
6496
3874
9649
9348
6793
9367
3979
3857
9749
6449
6376
4768
7976
7682
3974
6837
3998
7597
6397
3769
5737
3943
8649
6437
4939
7957
7944
9385
8643
7681
7338
6739
3797
9387
9368
8849
5947
6094
3972
6796
6473
6349
4893
4873
4797
4794
7693
7939
7347
3947
9483
8873
7635
7385
7394
7968
7497
7329
4397
7376
7064
9380
8837
7839
7634
7439
6439
4947
4763
9349
7934
7739
7493
6738
9373
7637
4935
3763
8867
4957
3768
9837
7380
7680
8835
4764
4739
3897
9386
7629
6498
7972
7647
7389
6849
4973
4974
9479
8839
7348
9768
4934
7973
7948
7395
7094
9359
7936
4965
4738
3749
6749
9583
8934
3948
9358
4967
3958
4997
4839
3937
7649
5938
3976
9379
7668
7386
9347
7964
4964
8939
3796
3767
9377
4936
7398
3973
3967
7683
4983
7387
7639
3957
7638
7349
8938
7947
7694
7396
4968
8937
7937
7938
7397
7368
9376
4937
4938
